EZE,MVD,1,1,2018,10,30,60,1,1.
EZE,MVD,8,1,2018,10,30,60,1,1.
EZE,MVD,15,1,2018,10,30,60,1,1.
EZE,MVD,22,1,2018,10,30,60,1,1.
EZE,MVD,29,1,2018,10,30,60,1,1.
EZE,MVD,5,2,2018,10,30,60,1,1.
EZE,MVD,12,2,2018,10,30,60,1,1.
EZE,MVD,19,2,2018,10,30,60,1,1.
EZE,MVD,26,2,2018,10,30,60,1,1.
EZE,MVD,5,3,2018,10,30,60,1,1.
EZE,MVD,12,3,2018,10,30,60,1,1.
EZE,MVD,19,3,2018,10,30,60,1,1.
EZE,MVD,26,3,2018,10,30,60,1,1.
EZE,MVD,2,4,2018,10,30,60,1,1.
EZE,MVD,9,4,2018,10,30,60,1,1.
EZE,MVD,16,4,2018,10,30,60,1,1.
EZE,MVD,23,4,2018,10,30,60,1,1.
EZE,MVD,30,4,2018,10,30,60,1,1.
EZE,MVD,7,5,2018,10,30,60,1,1.
EZE,MVD,14,5,2018,10,30,60,1,1.
EZE,MVD,21,5,2018,10,30,60,1,1.
EZE,MVD,28,5,2018,10,30,60,1,1.
EZE,MVD,4,6,2018,10,30,60,1,1.
EZE,MVD,11,6,2018,10,30,60,1,1.
EZE,MVD,18,6,2018,10,30,60,1,1.
EZE,MVD,25,6,2018,10,30,60,1,1.
EZE,MVD,2,7,2018,10,30,60,1,1.
EZE,MVD,9,7,2018,10,30,60,1,1.
EZE,MVD,16,7,2018,10,30,60,1,1.
EZE,MVD,23,7,2018,10,30,60,1,1.
EZE,MVD,30,7,2018,10,30,60,1,1.
EZE,MVD,6,8,2018,10,30,60,1,1.
EZE,MVD,13,8,2018,10,30,60,1,1.
EZE,MVD,20,8,2018,10,30,60,1,1.
EZE,MVD,27,8,2018,10,30,60,1,1.
EZE,MVD,3,9,2018,10,30,60,1,1.
EZE,MVD,10,9,2018,10,30,60,1,1.
EZE,MVD,17,9,2018,10,30,60,1,1.
EZE,MVD,24,9,2018,10,30,60,1,1.
EZE,MVD,1,10,2018,10,30,60,1,1.
EZE,MVD,8,10,2018,10,30,60,1,1.
EZE,MVD,15,10,2018,10,30,60,1,1.
EZE,MVD,22,10,2018,10,30,60,1,1.
EZE,MVD,29,10,2018,10,30,60,1,1.
EZE,MVD,5,11,2018,10,30,60,1,1.
EZE,MVD,12,11,2018,10,30,60,1,1.
EZE,MVD,19,11,2018,10,30,60,1,1.
EZE,MVD,26,11,2018,10,30,60,1,1.
EZE,MVD,3,12,2018,10,30,60,1,1.
EZE,MVD,10,12,2018,10,30,60,1,1.
EZE,MVD,17,12,2018,10,30,60,1,1.
EZE,MVD,24,12,2018,10,30,60,1,1.
EZE,MVD,31,12,2018,10,30,60,1,1.
MVD,EZE,1,1,2018,18,0,60,1,5.
MVD,EZE,8,1,2018,18,0,60,1,5.
MVD,EZE,15,1,2018,18,0,60,1,5.
MVD,EZE,22,1,2018,18,0,60,1,5.
MVD,EZE,29,1,2018,18,0,60,1,5.
MVD,EZE,5,2,2018,18,0,60,1,5.
MVD,EZE,12,2,2018,18,0,60,1,5.
MVD,EZE,19,2,2018,18,0,60,1,5.
MVD,EZE,26,2,2018,18,0,60,1,5.
MVD,EZE,5,3,2018,18,0,60,1,5.
MVD,EZE,12,3,2018,18,0,60,1,5.
MVD,EZE,19,3,2018,18,0,60,1,5.
MVD,EZE,26,3,2018,18,0,60,1,5.
MVD,EZE,2,4,2018,18,0,60,1,5.
MVD,EZE,9,4,2018,18,0,60,1,5.
MVD,EZE,16,4,2018,18,0,60,1,5.
MVD,EZE,23,4,2018,18,0,60,1,5.
MVD,EZE,30,4,2018,18,0,60,1,5.
MVD,EZE,7,5,2018,18,0,60,1,5.
MVD,EZE,14,5,2018,18,0,60,1,5.
MVD,EZE,21,5,2018,18,0,60,1,5.
MVD,EZE,28,5,2018,18,0,60,1,5.
MVD,EZE,4,6,2018,18,0,60,1,5.
MVD,EZE,11,6,2018,18,0,60,1,5.
MVD,EZE,18,6,2018,18,0,60,1,5.
MVD,EZE,25,6,2018,18,0,60,1,5.
MVD,EZE,2,7,2018,18,0,60,1,5.
MVD,EZE,9,7,2018,18,0,60,1,5.
MVD,EZE,16,7,2018,18,0,60,1,5.
MVD,EZE,23,7,2018,18,0,60,1,5.
MVD,EZE,30,7,2018,18,0,60,1,5.
MVD,EZE,6,8,2018,18,0,60,1,5.
MVD,EZE,13,8,2018,18,0,60,1,5.
MVD,EZE,20,8,2018,18,0,60,1,5.
MVD,EZE,27,8,2018,18,0,60,1,5.
MVD,EZE,3,9,2018,18,0,60,1,5.
MVD,EZE,10,9,2018,18,0,60,1,5.
MVD,EZE,17,9,2018,18,0,60,1,5.
MVD,EZE,24,9,2018,18,0,60,1,5.
MVD,EZE,1,10,2018,18,0,60,1,5.
MVD,EZE,8,10,2018,18,0,60,1,5.
MVD,EZE,15,10,2018,18,0,60,1,5.
MVD,EZE,22,10,2018,18,0,60,1,5.
MVD,EZE,29,10,2018,18,0,60,1,5.
MVD,EZE,5,11,2018,18,0,60,1,5.
MVD,EZE,12,11,2018,18,0,60,1,5.
MVD,EZE,19,11,2018,18,0,60,1,5.
MVD,EZE,26,11,2018,18,0,60,1,5.
MVD,EZE,3,12,2018,18,0,60,1,5.
MVD,EZE,10,12,2018,18,0,60,1,5.
MVD,EZE,17,12,2018,18,0,60,1,5.
MVD,EZE,24,12,2018,18,0,60,1,5.
MVD,EZE,31,12,2018,18,0,60,1,5.
GRU,EZE,6,1,2018,1,20,90,3,9.
GRU,EZE,13,1,2018,1,20,90,3,9.
GRU,EZE,20,1,2018,1,20,90,3,9.
GRU,EZE,27,1,2018,1,20,90,3,9.
GRU,EZE,3,2,2018,1,20,90,3,9.
GRU,EZE,10,2,2018,1,20,90,3,9.
GRU,EZE,17,2,2018,1,20,90,3,9.
GRU,EZE,24,2,2018,1,20,90,3,9.
GRU,EZE,3,3,2018,1,20,90,3,9.
GRU,EZE,10,3,2018,1,20,90,3,9.
GRU,EZE,17,3,2018,1,20,90,3,9.
GRU,EZE,24,3,2018,1,20,90,3,9.
GRU,EZE,31,3,2018,1,20,90,3,9.
GRU,EZE,7,4,2018,1,20,90,3,9.
GRU,EZE,14,4,2018,1,20,90,3,9.
GRU,EZE,21,4,2018,1,20,90,3,9.
GRU,EZE,28,4,2018,1,20,90,3,9.
GRU,EZE,5,5,2018,1,20,90,3,9.
GRU,EZE,12,5,2018,1,20,90,3,9.
GRU,EZE,19,5,2018,1,20,90,3,9.
GRU,EZE,26,5,2018,1,20,90,3,9.
GRU,EZE,2,6,2018,1,20,90,3,9.
GRU,EZE,9,6,2018,1,20,90,3,9.
GRU,EZE,16,6,2018,1,20,90,3,9.
GRU,EZE,23,6,2018,1,20,90,3,9.
GRU,EZE,30,6,2018,1,20,90,3,9.
GRU,EZE,7,7,2018,1,20,90,3,9.
GRU,EZE,14,7,2018,1,20,90,3,9.
GRU,EZE,21,7,2018,1,20,90,3,9.
GRU,EZE,28,7,2018,1,20,90,3,9.
GRU,EZE,4,8,2018,1,20,90,3,9.
GRU,EZE,11,8,2018,1,20,90,3,9.
GRU,EZE,18,8,2018,1,20,90,3,9.
GRU,EZE,25,8,2018,1,20,90,3,9.
GRU,EZE,1,9,2018,1,20,90,3,9.
GRU,EZE,8,9,2018,1,20,90,3,9.
GRU,EZE,15,9,2018,1,20,90,3,9.
GRU,EZE,22,9,2018,1,20,90,3,9.
GRU,EZE,29,9,2018,1,20,90,3,9.
GRU,EZE,6,10,2018,1,20,90,3,9.
GRU,EZE,13,10,2018,1,20,90,3,9.
GRU,EZE,20,10,2018,1,20,90,3,9.
GRU,EZE,27,10,2018,1,20,90,3,9.
GRU,EZE,3,11,2018,1,20,90,3,9.
GRU,EZE,10,11,2018,1,20,90,3,9.
GRU,EZE,17,11,2018,1,20,90,3,9.
GRU,EZE,24,11,2018,1,20,90,3,9.
GRU,EZE,1,12,2018,1,20,90,3,9.
GRU,EZE,8,12,2018,1,20,90,3,9.
GRU,EZE,15,12,2018,1,20,90,3,9.
GRU,EZE,22,12,2018,1,20,90,3,9.
GRU,EZE,29,12,2018,1,20,90,3,9.
GRU,EZE,5,1,2019,1,20,90,3,9.
EZE,GRU,6,1,2018,5,50,90,3,10.
EZE,GRU,13,1,2018,5,50,90,3,10.
EZE,GRU,20,1,2018,5,50,90,3,10.
EZE,GRU,27,1,2018,5,50,90,3,10.
EZE,GRU,3,2,2018,5,50,90,3,10.
EZE,GRU,10,2,2018,5,50,90,3,10.
EZE,GRU,17,2,2018,5,50,90,3,10.
EZE,GRU,24,2,2018,5,50,90,3,10.
EZE,GRU,3,3,2018,5,50,90,3,10.
EZE,GRU,10,3,2018,5,50,90,3,10.
EZE,GRU,17,3,2018,5,50,90,3,10.
EZE,GRU,24,3,2018,5,50,90,3,10.
EZE,GRU,31,3,2018,5,50,90,3,10.
EZE,GRU,7,4,2018,5,50,90,3,10.
EZE,GRU,14,4,2018,5,50,90,3,10.
EZE,GRU,21,4,2018,5,50,90,3,10.
EZE,GRU,28,4,2018,5,50,90,3,10.
EZE,GRU,5,5,2018,5,50,90,3,10.
EZE,GRU,12,5,2018,5,50,90,3,10.
EZE,GRU,19,5,2018,5,50,90,3,10.
EZE,GRU,26,5,2018,5,50,90,3,10.
EZE,GRU,2,6,2018,5,50,90,3,10.
EZE,GRU,9,6,2018,5,50,90,3,10.
EZE,GRU,16,6,2018,5,50,90,3,10.
EZE,GRU,23,6,2018,5,50,90,3,10.
EZE,GRU,30,6,2018,5,50,90,3,10.
EZE,GRU,7,7,2018,5,50,90,3,10.
EZE,GRU,14,7,2018,5,50,90,3,10.
EZE,GRU,21,7,2018,5,50,90,3,10.
EZE,GRU,28,7,2018,5,50,90,3,10.
EZE,GRU,4,8,2018,5,50,90,3,10.
EZE,GRU,11,8,2018,5,50,90,3,10.
EZE,GRU,18,8,2018,5,50,90,3,10.
EZE,GRU,25,8,2018,5,50,90,3,10.
EZE,GRU,1,9,2018,5,50,90,3,10.
EZE,GRU,8,9,2018,5,50,90,3,10.
EZE,GRU,15,9,2018,5,50,90,3,10.
EZE,GRU,22,9,2018,5,50,90,3,10.
EZE,GRU,29,9,2018,5,50,90,3,10.
EZE,GRU,6,10,2018,5,50,90,3,10.
EZE,GRU,13,10,2018,5,50,90,3,10.
EZE,GRU,20,10,2018,5,50,90,3,10.
EZE,GRU,27,10,2018,5,50,90,3,10.
EZE,GRU,3,11,2018,5,50,90,3,10.
EZE,GRU,10,11,2018,5,50,90,3,10.
EZE,GRU,17,11,2018,5,50,90,3,10.
EZE,GRU,24,11,2018,5,50,90,3,10.
EZE,GRU,1,12,2018,5,50,90,3,10.
EZE,GRU,8,12,2018,5,50,90,3,10.
EZE,GRU,15,12,2018,5,50,90,3,10.
EZE,GRU,22,12,2018,5,50,90,3,10.
EZE,GRU,29,12,2018,5,50,90,3,10.
EZE,GRU,5,1,2019,5,50,90,3,10.
GRU,MIA,6,1,2018,12,30,500,8,11.
GRU,MIA,13,1,2018,12,30,500,8,11.
GRU,MIA,20,1,2018,12,30,500,8,11.
GRU,MIA,27,1,2018,12,30,500,8,11.
GRU,MIA,3,2,2018,12,30,500,8,11.
GRU,MIA,10,2,2018,12,30,500,8,11.
GRU,MIA,17,2,2018,12,30,500,8,11.
GRU,MIA,24,2,2018,12,30,500,8,11.
GRU,MIA,3,3,2018,12,30,500,8,11.
GRU,MIA,10,3,2018,12,30,500,8,11.
GRU,MIA,17,3,2018,12,30,500,8,11.
GRU,MIA,24,3,2018,12,30,500,8,11.
GRU,MIA,31,3,2018,12,30,500,8,11.
GRU,MIA,7,4,2018,12,30,500,8,11.
GRU,MIA,14,4,2018,12,30,500,8,11.
GRU,MIA,21,4,2018,12,30,500,8,11.
GRU,MIA,28,4,2018,12,30,500,8,11.
GRU,MIA,5,5,2018,12,30,500,8,11.
GRU,MIA,12,5,2018,12,30,500,8,11.
GRU,MIA,19,5,2018,12,30,500,8,11.
GRU,MIA,26,5,2018,12,30,500,8,11.
GRU,MIA,2,6,2018,12,30,500,8,11.
GRU,MIA,9,6,2018,12,30,500,8,11.
GRU,MIA,16,6,2018,12,30,500,8,11.
GRU,MIA,23,6,2018,12,30,500,8,11.
GRU,MIA,30,6,2018,12,30,500,8,11.
GRU,MIA,7,7,2018,12,30,500,8,11.
GRU,MIA,14,7,2018,12,30,500,8,11.
GRU,MIA,21,7,2018,12,30,500,8,11.
GRU,MIA,28,7,2018,12,30,500,8,11.
GRU,MIA,4,8,2018,12,30,500,8,11.
GRU,MIA,11,8,2018,12,30,500,8,11.
GRU,MIA,18,8,2018,12,30,500,8,11.
GRU,MIA,25,8,2018,12,30,500,8,11.
GRU,MIA,1,9,2018,12,30,500,8,11.
GRU,MIA,8,9,2018,12,30,500,8,11.
GRU,MIA,15,9,2018,12,30,500,8,11.
GRU,MIA,22,9,2018,12,30,500,8,11.
GRU,MIA,29,9,2018,12,30,500,8,11.
GRU,MIA,6,10,2018,12,30,500,8,11.
GRU,MIA,13,10,2018,12,30,500,8,11.
GRU,MIA,20,10,2018,12,30,500,8,11.
GRU,MIA,27,10,2018,12,30,500,8,11.
GRU,MIA,3,11,2018,12,30,500,8,11.
GRU,MIA,10,11,2018,12,30,500,8,11.
GRU,MIA,17,11,2018,12,30,500,8,11.
GRU,MIA,24,11,2018,12,30,500,8,11.
GRU,MIA,1,12,2018,12,30,500,8,11.
GRU,MIA,8,12,2018,12,30,500,8,11.
GRU,MIA,15,12,2018,12,30,500,8,11.
GRU,MIA,22,12,2018,12,30,500,8,11.
GRU,MIA,29,12,2018,12,30,500,8,11.
GRU,MIA,5,1,2019,12,30,500,8,11.
MIA,GRU,7,1,2018,4,0,500,8,12.
MIA,GRU,14,1,2018,4,0,500,8,12.
MIA,GRU,21,1,2018,4,0,500,8,12.
MIA,GRU,28,1,2018,4,0,500,8,12.
MIA,GRU,4,2,2018,4,0,500,8,12.
MIA,GRU,11,2,2018,4,0,500,8,12.
MIA,GRU,18,2,2018,4,0,500,8,12.
MIA,GRU,25,2,2018,4,0,500,8,12.
MIA,GRU,4,3,2018,4,0,500,8,12.
MIA,GRU,11,3,2018,4,0,500,8,12.
MIA,GRU,18,3,2018,4,0,500,8,12.
MIA,GRU,25,3,2018,4,0,500,8,12.
MIA,GRU,1,4,2018,4,0,500,8,12.
MIA,GRU,8,4,2018,4,0,500,8,12.
MIA,GRU,15,4,2018,4,0,500,8,12.
MIA,GRU,22,4,2018,4,0,500,8,12.
MIA,GRU,29,4,2018,4,0,500,8,12.
MIA,GRU,6,5,2018,4,0,500,8,12.
MIA,GRU,13,5,2018,4,0,500,8,12.
MIA,GRU,20,5,2018,4,0,500,8,12.
MIA,GRU,27,5,2018,4,0,500,8,12.
MIA,GRU,3,6,2018,4,0,500,8,12.
MIA,GRU,10,6,2018,4,0,500,8,12.
MIA,GRU,17,6,2018,4,0,500,8,12.
MIA,GRU,24,6,2018,4,0,500,8,12.
MIA,GRU,1,7,2018,4,0,500,8,12.
MIA,GRU,8,7,2018,4,0,500,8,12.
MIA,GRU,15,7,2018,4,0,500,8,12.
MIA,GRU,22,7,2018,4,0,500,8,12.
MIA,GRU,29,7,2018,4,0,500,8,12.
MIA,GRU,5,8,2018,4,0,500,8,12.
MIA,GRU,12,8,2018,4,0,500,8,12.
MIA,GRU,19,8,2018,4,0,500,8,12.
MIA,GRU,26,8,2018,4,0,500,8,12.
MIA,GRU,2,9,2018,4,0,500,8,12.
MIA,GRU,9,9,2018,4,0,500,8,12.
MIA,GRU,16,9,2018,4,0,500,8,12.
MIA,GRU,23,9,2018,4,0,500,8,12.
MIA,GRU,30,9,2018,4,0,500,8,12.
MIA,GRU,7,10,2018,4,0,500,8,12.
MIA,GRU,14,10,2018,4,0,500,8,12.
MIA,GRU,21,10,2018,4,0,500,8,12.
MIA,GRU,28,10,2018,4,0,500,8,12.
MIA,GRU,4,11,2018,4,0,500,8,12.
MIA,GRU,11,11,2018,4,0,500,8,12.
MIA,GRU,18,11,2018,4,0,500,8,12.
MIA,GRU,25,11,2018,4,0,500,8,12.
MIA,GRU,2,12,2018,4,0,500,8,12.
MIA,GRU,9,12,2018,4,0,500,8,12.
MIA,GRU,16,12,2018,4,0,500,8,12.
MIA,GRU,23,12,2018,4,0,500,8,12.
MIA,GRU,30,12,2018,4,0,500,8,12.
MIA,GRU,6,1,2019,4,0,500,8,12.
MVD,MIA,3,1,2018,14,0,540,6,2.
MVD,MIA,10,1,2018,14,0,540,6,2.
MVD,MIA,17,1,2018,14,0,540,6,2.
MVD,MIA,24,1,2018,14,0,540,6,2.
MVD,MIA,31,1,2018,14,0,540,6,2.
MVD,MIA,7,2,2018,14,0,540,6,2.
MVD,MIA,14,2,2018,14,0,540,6,2.
MVD,MIA,21,2,2018,14,0,540,6,2.
MVD,MIA,28,2,2018,14,0,540,6,2.
MVD,MIA,7,3,2018,14,0,540,6,2.
MVD,MIA,14,3,2018,14,0,540,6,2.
MVD,MIA,21,3,2018,14,0,540,6,2.
MVD,MIA,28,3,2018,14,0,540,6,2.
MVD,MIA,4,4,2018,14,0,540,6,2.
MVD,MIA,11,4,2018,14,0,540,6,2.
MVD,MIA,18,4,2018,14,0,540,6,2.
MVD,MIA,25,4,2018,14,0,540,6,2.
MVD,MIA,2,5,2018,14,0,540,6,2.
MVD,MIA,9,5,2018,14,0,540,6,2.
MVD,MIA,16,5,2018,14,0,540,6,2.
MVD,MIA,23,5,2018,14,0,540,6,2.
MVD,MIA,30,5,2018,14,0,540,6,2.
MVD,MIA,6,6,2018,14,0,540,6,2.
MVD,MIA,13,6,2018,14,0,540,6,2.
MVD,MIA,20,6,2018,14,0,540,6,2.
MVD,MIA,27,6,2018,14,0,540,6,2.
MVD,MIA,4,7,2018,14,0,540,6,2.
MVD,MIA,11,7,2018,14,0,540,6,2.
MVD,MIA,18,7,2018,14,0,540,6,2.
MVD,MIA,25,7,2018,14,0,540,6,2.
MVD,MIA,1,8,2018,14,0,540,6,2.
MVD,MIA,8,8,2018,14,0,540,6,2.
MVD,MIA,15,8,2018,14,0,540,6,2.
MVD,MIA,22,8,2018,14,0,540,6,2.
MVD,MIA,29,8,2018,14,0,540,6,2.
MVD,MIA,5,9,2018,14,0,540,6,2.
MVD,MIA,12,9,2018,14,0,540,6,2.
MVD,MIA,19,9,2018,14,0,540,6,2.
MVD,MIA,26,9,2018,14,0,540,6,2.
MVD,MIA,3,10,2018,14,0,540,6,2.
MVD,MIA,10,10,2018,14,0,540,6,2.
MVD,MIA,17,10,2018,14,0,540,6,2.
MVD,MIA,24,10,2018,14,0,540,6,2.
MVD,MIA,31,10,2018,14,0,540,6,2.
MVD,MIA,7,11,2018,14,0,540,6,2.
MVD,MIA,14,11,2018,14,0,540,6,2.
MVD,MIA,21,11,2018,14,0,540,6,2.
MVD,MIA,28,11,2018,14,0,540,6,2.
MVD,MIA,5,12,2018,14,0,540,6,2.
MVD,MIA,12,12,2018,14,0,540,6,2.
MVD,MIA,19,12,2018,14,0,540,6,2.
MVD,MIA,26,12,2018,14,0,540,6,2.
MVD,MIA,2,1,2019,14,0,540,6,2.
MIA,MVD,4,1,2018,2,45,540,6,6.
MIA,MVD,11,1,2018,2,45,540,6,6.
MIA,MVD,18,1,2018,2,45,540,6,6.
MIA,MVD,25,1,2018,2,45,540,6,6.
MIA,MVD,1,2,2018,2,45,540,6,6.
MIA,MVD,8,2,2018,2,45,540,6,6.
MIA,MVD,15,2,2018,2,45,540,6,6.
MIA,MVD,22,2,2018,2,45,540,6,6.
MIA,MVD,1,3,2018,2,45,540,6,6.
MIA,MVD,8,3,2018,2,45,540,6,6.
MIA,MVD,15,3,2018,2,45,540,6,6.
MIA,MVD,22,3,2018,2,45,540,6,6.
MIA,MVD,29,3,2018,2,45,540,6,6.
MIA,MVD,5,4,2018,2,45,540,6,6.
MIA,MVD,12,4,2018,2,45,540,6,6.
MIA,MVD,19,4,2018,2,45,540,6,6.
MIA,MVD,26,4,2018,2,45,540,6,6.
MIA,MVD,3,5,2018,2,45,540,6,6.
MIA,MVD,10,5,2018,2,45,540,6,6.
MIA,MVD,17,5,2018,2,45,540,6,6.
MIA,MVD,24,5,2018,2,45,540,6,6.
MIA,MVD,31,5,2018,2,45,540,6,6.
MIA,MVD,7,6,2018,2,45,540,6,6.
MIA,MVD,14,6,2018,2,45,540,6,6.
MIA,MVD,21,6,2018,2,45,540,6,6.
MIA,MVD,28,6,2018,2,45,540,6,6.
MIA,MVD,5,7,2018,2,45,540,6,6.
MIA,MVD,12,7,2018,2,45,540,6,6.
MIA,MVD,19,7,2018,2,45,540,6,6.
MIA,MVD,26,7,2018,2,45,540,6,6.
MIA,MVD,2,8,2018,2,45,540,6,6.
MIA,MVD,9,8,2018,2,45,540,6,6.
MIA,MVD,16,8,2018,2,45,540,6,6.
MIA,MVD,23,8,2018,2,45,540,6,6.
MIA,MVD,30,8,2018,2,45,540,6,6.
MIA,MVD,6,9,2018,2,45,540,6,6.
MIA,MVD,13,9,2018,2,45,540,6,6.
MIA,MVD,20,9,2018,2,45,540,6,6.
MIA,MVD,27,9,2018,2,45,540,6,6.
MIA,MVD,4,10,2018,2,45,540,6,6.
MIA,MVD,11,10,2018,2,45,540,6,6.
MIA,MVD,18,10,2018,2,45,540,6,6.
MIA,MVD,25,10,2018,2,45,540,6,6.
MIA,MVD,1,11,2018,2,45,540,6,6.
MIA,MVD,8,11,2018,2,45,540,6,6.
MIA,MVD,15,11,2018,2,45,540,6,6.
MIA,MVD,22,11,2018,2,45,540,6,6.
MIA,MVD,29,11,2018,2,45,540,6,6.
MIA,MVD,6,12,2018,2,45,540,6,6.
MIA,MVD,13,12,2018,2,45,540,6,6.
MIA,MVD,20,12,2018,2,45,540,6,6.
MIA,MVD,27,12,2018,2,45,540,6,6.
MIA,MVD,3,1,2019,2,45,540,6,6.
MIA,MAD,5,1,2018,6,0,520,7,3.
MIA,MAD,12,1,2018,6,0,520,7,3.
MIA,MAD,19,1,2018,6,0,520,7,3.
MIA,MAD,26,1,2018,6,0,520,7,3.
MIA,MAD,2,2,2018,6,0,520,7,3.
MIA,MAD,9,2,2018,6,0,520,7,3.
MIA,MAD,16,2,2018,6,0,520,7,3.
MIA,MAD,23,2,2018,6,0,520,7,3.
MIA,MAD,2,3,2018,6,0,520,7,3.
MIA,MAD,9,3,2018,6,0,520,7,3.
MIA,MAD,16,3,2018,6,0,520,7,3.
MIA,MAD,23,3,2018,6,0,520,7,3.
MIA,MAD,30,3,2018,6,0,520,7,3.
MIA,MAD,6,4,2018,6,0,520,7,3.
MIA,MAD,13,4,2018,6,0,520,7,3.
MIA,MAD,20,4,2018,6,0,520,7,3.
MIA,MAD,27,4,2018,6,0,520,7,3.
MIA,MAD,4,5,2018,6,0,520,7,3.
MIA,MAD,11,5,2018,6,0,520,7,3.
MIA,MAD,18,5,2018,6,0,520,7,3.
MIA,MAD,25,5,2018,6,0,520,7,3.
MIA,MAD,1,6,2018,6,0,520,7,3.
MIA,MAD,8,6,2018,6,0,520,7,3.
MIA,MAD,15,6,2018,6,0,520,7,3.
MIA,MAD,22,6,2018,6,0,520,7,3.
MIA,MAD,29,6,2018,6,0,520,7,3.
MIA,MAD,6,7,2018,6,0,520,7,3.
MIA,MAD,13,7,2018,6,0,520,7,3.
MIA,MAD,20,7,2018,6,0,520,7,3.
MIA,MAD,27,7,2018,6,0,520,7,3.
MIA,MAD,3,8,2018,6,0,520,7,3.
MIA,MAD,10,8,2018,6,0,520,7,3.
MIA,MAD,17,8,2018,6,0,520,7,3.
MIA,MAD,24,8,2018,6,0,520,7,3.
MIA,MAD,31,8,2018,6,0,520,7,3.
MIA,MAD,7,9,2018,6,0,520,7,3.
MIA,MAD,14,9,2018,6,0,520,7,3.
MIA,MAD,21,9,2018,6,0,520,7,3.
MIA,MAD,28,9,2018,6,0,520,7,3.
MIA,MAD,5,10,2018,6,0,520,7,3.
MIA,MAD,12,10,2018,6,0,520,7,3.
MIA,MAD,19,10,2018,6,0,520,7,3.
MIA,MAD,26,10,2018,6,0,520,7,3.
MIA,MAD,2,11,2018,6,0,520,7,3.
MIA,MAD,9,11,2018,6,0,520,7,3.
MIA,MAD,16,11,2018,6,0,520,7,3.
MIA,MAD,23,11,2018,6,0,520,7,3.
MIA,MAD,30,11,2018,6,0,520,7,3.
MIA,MAD,7,12,2018,6,0,520,7,3.
MIA,MAD,14,12,2018,6,0,520,7,3.
MIA,MAD,21,12,2018,6,0,520,7,3.
MIA,MAD,28,12,2018,6,0,520,7,3.
MIA,MAD,4,1,2019,6,0,520,7,3.
MAD,MIA,5,1,2018,20,30,520,7,7.
MAD,MIA,12,1,2018,20,30,520,7,7.
MAD,MIA,19,1,2018,20,30,520,7,7.
MAD,MIA,26,1,2018,20,30,520,7,7.
MAD,MIA,2,2,2018,20,30,520,7,7.
MAD,MIA,9,2,2018,20,30,520,7,7.
MAD,MIA,16,2,2018,20,30,520,7,7.
MAD,MIA,23,2,2018,20,30,520,7,7.
MAD,MIA,2,3,2018,20,30,520,7,7.
MAD,MIA,9,3,2018,20,30,520,7,7.
MAD,MIA,16,3,2018,20,30,520,7,7.
MAD,MIA,23,3,2018,20,30,520,7,7.
MAD,MIA,30,3,2018,20,30,520,7,7.
MAD,MIA,6,4,2018,20,30,520,7,7.
MAD,MIA,13,4,2018,20,30,520,7,7.
MAD,MIA,20,4,2018,20,30,520,7,7.
MAD,MIA,27,4,2018,20,30,520,7,7.
MAD,MIA,4,5,2018,20,30,520,7,7.
MAD,MIA,11,5,2018,20,30,520,7,7.
MAD,MIA,18,5,2018,20,30,520,7,7.
MAD,MIA,25,5,2018,20,30,520,7,7.
MAD,MIA,1,6,2018,20,30,520,7,7.
MAD,MIA,8,6,2018,20,30,520,7,7.
MAD,MIA,15,6,2018,20,30,520,7,7.
MAD,MIA,22,6,2018,20,30,520,7,7.
MAD,MIA,29,6,2018,20,30,520,7,7.
MAD,MIA,6,7,2018,20,30,520,7,7.
MAD,MIA,13,7,2018,20,30,520,7,7.
MAD,MIA,20,7,2018,20,30,520,7,7.
MAD,MIA,27,7,2018,20,30,520,7,7.
MAD,MIA,3,8,2018,20,30,520,7,7.
MAD,MIA,10,8,2018,20,30,520,7,7.
MAD,MIA,17,8,2018,20,30,520,7,7.
MAD,MIA,24,8,2018,20,30,520,7,7.
MAD,MIA,31,8,2018,20,30,520,7,7.
MAD,MIA,7,9,2018,20,30,520,7,7.
MAD,MIA,14,9,2018,20,30,520,7,7.
MAD,MIA,21,9,2018,20,30,520,7,7.
MAD,MIA,28,9,2018,20,30,520,7,7.
MAD,MIA,5,10,2018,20,30,520,7,7.
MAD,MIA,12,10,2018,20,30,520,7,7.
MAD,MIA,19,10,2018,20,30,520,7,7.
MAD,MIA,26,10,2018,20,30,520,7,7.
MAD,MIA,2,11,2018,20,30,520,7,7.
MAD,MIA,9,11,2018,20,30,520,7,7.
MAD,MIA,16,11,2018,20,30,520,7,7.
MAD,MIA,23,11,2018,20,30,520,7,7.
MAD,MIA,30,11,2018,20,30,520,7,7.
MAD,MIA,7,12,2018,20,30,520,7,7.
MAD,MIA,14,12,2018,20,30,520,7,7.
MAD,MIA,21,12,2018,20,30,520,7,7.
MAD,MIA,28,12,2018,20,30,520,7,7.
MAD,MIA,4,1,2019,20,30,520,7,7.
MAD,LHR,2,1,2018,22,0,120,2,4.
MAD,LHR,9,1,2018,22,0,120,2,4.
MAD,LHR,16,1,2018,22,0,120,2,4.
MAD,LHR,23,1,2018,22,0,120,2,4.
MAD,LHR,30,1,2018,22,0,120,2,4.
MAD,LHR,6,2,2018,22,0,120,2,4.
MAD,LHR,13,2,2018,22,0,120,2,4.
MAD,LHR,20,2,2018,22,0,120,2,4.
MAD,LHR,27,2,2018,22,0,120,2,4.
MAD,LHR,6,3,2018,22,0,120,2,4.
MAD,LHR,13,3,2018,22,0,120,2,4.
MAD,LHR,20,3,2018,22,0,120,2,4.
MAD,LHR,27,3,2018,22,0,120,2,4.
MAD,LHR,3,4,2018,22,0,120,2,4.
MAD,LHR,10,4,2018,22,0,120,2,4.
MAD,LHR,17,4,2018,22,0,120,2,4.
MAD,LHR,24,4,2018,22,0,120,2,4.
MAD,LHR,1,5,2018,22,0,120,2,4.
MAD,LHR,8,5,2018,22,0,120,2,4.
MAD,LHR,15,5,2018,22,0,120,2,4.
MAD,LHR,22,5,2018,22,0,120,2,4.
MAD,LHR,29,5,2018,22,0,120,2,4.
MAD,LHR,5,6,2018,22,0,120,2,4.
MAD,LHR,12,6,2018,22,0,120,2,4.
MAD,LHR,19,6,2018,22,0,120,2,4.
MAD,LHR,26,6,2018,22,0,120,2,4.
MAD,LHR,3,7,2018,22,0,120,2,4.
MAD,LHR,10,7,2018,22,0,120,2,4.
MAD,LHR,17,7,2018,22,0,120,2,4.
MAD,LHR,24,7,2018,22,0,120,2,4.
MAD,LHR,31,7,2018,22,0,120,2,4.
MAD,LHR,7,8,2018,22,0,120,2,4.
MAD,LHR,14,8,2018,22,0,120,2,4.
MAD,LHR,21,8,2018,22,0,120,2,4.
MAD,LHR,28,8,2018,22,0,120,2,4.
MAD,LHR,4,9,2018,22,0,120,2,4.
MAD,LHR,11,9,2018,22,0,120,2,4.
MAD,LHR,18,9,2018,22,0,120,2,4.
MAD,LHR,25,9,2018,22,0,120,2,4.
MAD,LHR,2,10,2018,22,0,120,2,4.
MAD,LHR,9,10,2018,22,0,120,2,4.
MAD,LHR,16,10,2018,22,0,120,2,4.
MAD,LHR,23,10,2018,22,0,120,2,4.
MAD,LHR,30,10,2018,22,0,120,2,4.
MAD,LHR,6,11,2018,22,0,120,2,4.
MAD,LHR,13,11,2018,22,0,120,2,4.
MAD,LHR,20,11,2018,22,0,120,2,4.
MAD,LHR,27,11,2018,22,0,120,2,4.
MAD,LHR,4,12,2018,22,0,120,2,4.
MAD,LHR,11,12,2018,22,0,120,2,4.
MAD,LHR,18,12,2018,22,0,120,2,4.
MAD,LHR,25,12,2018,22,0,120,2,4.
MAD,LHR,1,1,2019,22,0,120,2,4.
LHR,MAD,3,1,2018,7,0,120,2,8.
LHR,MAD,10,1,2018,7,0,120,2,8.
LHR,MAD,17,1,2018,7,0,120,2,8.
LHR,MAD,24,1,2018,7,0,120,2,8.
LHR,MAD,31,1,2018,7,0,120,2,8.
LHR,MAD,7,2,2018,7,0,120,2,8.
LHR,MAD,14,2,2018,7,0,120,2,8.
LHR,MAD,21,2,2018,7,0,120,2,8.
LHR,MAD,28,2,2018,7,0,120,2,8.
LHR,MAD,7,3,2018,7,0,120,2,8.
LHR,MAD,14,3,2018,7,0,120,2,8.
LHR,MAD,21,3,2018,7,0,120,2,8.
LHR,MAD,28,3,2018,7,0,120,2,8.
LHR,MAD,4,4,2018,7,0,120,2,8.
LHR,MAD,11,4,2018,7,0,120,2,8.
LHR,MAD,18,4,2018,7,0,120,2,8.
LHR,MAD,25,4,2018,7,0,120,2,8.
LHR,MAD,2,5,2018,7,0,120,2,8.
LHR,MAD,9,5,2018,7,0,120,2,8.
LHR,MAD,16,5,2018,7,0,120,2,8.
LHR,MAD,23,5,2018,7,0,120,2,8.
LHR,MAD,30,5,2018,7,0,120,2,8.
LHR,MAD,6,6,2018,7,0,120,2,8.
LHR,MAD,13,6,2018,7,0,120,2,8.
LHR,MAD,20,6,2018,7,0,120,2,8.
LHR,MAD,27,6,2018,7,0,120,2,8.
LHR,MAD,4,7,2018,7,0,120,2,8.
LHR,MAD,11,7,2018,7,0,120,2,8.
LHR,MAD,18,7,2018,7,0,120,2,8.
LHR,MAD,25,7,2018,7,0,120,2,8.
LHR,MAD,1,8,2018,7,0,120,2,8.
LHR,MAD,8,8,2018,7,0,120,2,8.
LHR,MAD,15,8,2018,7,0,120,2,8.
LHR,MAD,22,8,2018,7,0,120,2,8.
LHR,MAD,29,8,2018,7,0,120,2,8.
LHR,MAD,5,9,2018,7,0,120,2,8.
LHR,MAD,12,9,2018,7,0,120,2,8.
LHR,MAD,19,9,2018,7,0,120,2,8.
LHR,MAD,26,9,2018,7,0,120,2,8.
LHR,MAD,3,10,2018,7,0,120,2,8.
LHR,MAD,10,10,2018,7,0,120,2,8.
LHR,MAD,17,10,2018,7,0,120,2,8.
LHR,MAD,24,10,2018,7,0,120,2,8.
LHR,MAD,31,10,2018,7,0,120,2,8.
LHR,MAD,7,11,2018,7,0,120,2,8.
LHR,MAD,14,11,2018,7,0,120,2,8.
LHR,MAD,21,11,2018,7,0,120,2,8.
LHR,MAD,28,11,2018,7,0,120,2,8.
LHR,MAD,5,12,2018,7,0,120,2,8.
LHR,MAD,12,12,2018,7,0,120,2,8.
LHR,MAD,19,12,2018,7,0,120,2,8.
LHR,MAD,26,12,2018,7,0,120,2,8.
LHR,MAD,2,1,2019,7,0,120,2,8.
